Beta Estimates:

	Max_Prob_Metric: 
	[1.6427881255089585, 1.0340272804790729, 3.5796228157770664, 1.1396519542875296, 1.096696768309245, 0.2572281618885243, 1.7265594589928401, 0.25845652817166637, 6.861455114116303, 0.40373114944843386]

	Big Successful Moves: 
	[2.33134462745647, 0.8038428885213991, 1.495431537087519, 1.1383780291646373, 3.2827293054921207, 0.4374366262693954, 0.27955136180137546, 1.371051353975971, 0.7499245249818592, 0.5935164051066117]

	Sharpe Ratio: 
	[0.8730931987531535, 1.5421821830071343, 0.5119200007710256, 0.5690563618173287, 1.2384305160088078, 1.1880614054378398, 0.9221164915011211, 0.9337242407524837, 0.14814832007888032, 1.419168988381382]


Num_Proposed:

0.4:
[9953, 8596, 8676, 16247, 200000, 17278, 7681, 10208, 12196, 4386, 13973, 147768, 38005, 9166, 18725, 73707, 200000, 131238, 23118, 2732, 7781, 4238, 29369, 12328, 103230]

0.5:
[5128, 10964, 53157, 12332, 139514, 3725, 122523, 11372, 200000, 181188, 200000, 98891, 52526, 7173, 14951, 6886, 200000, 6992, 55815, 61968, 9130, 27621, 7279, 13810, 10554]

0.6:
[7420, 4981, 8591, 200000, 20208, 6409, 60685, 10721, 200000, 106543, 143874, 9386, 189826, 167748, 68771, 200000, 8576, 6096, 200000, 8737, 148826, 12794, 3755, 27938, 82159]

0.7:
[60454, 2983, 19293, 95605, 37816, 200000, 39595, 7644, 51997, 7793, 8056, 5232, 12000, 122621, 43875, 86142, 16718, 8095, 10362, 54741, 111411, 48433, 15210, 200000, 7564]

0.8:
[5886, 11045, 6387, 7635, 169842, 200000, 4961, 126581, 15015, 157282, 158488, 142067, 200000, 7524, 6458, 200000, 8573, 200000, 5075, 10181, 8259, 195388, 52481, 7965, 41945]

0.9:
[51164, 12250, 9545, 4064, 14940, 200000, 10651, 12373, 191307, 14054, 10255, 7800, 35167, 52256, 25895, 4552, 14670, 103970, 13602, 8084, 19608, 8747, 200000, 106373, 121924]

1.0:
[155876, 25587, 11034, 14284, 200000, 97289, 19028, 37451, 9495, 200000, 200000, 200000, 9479, 200000, 8204, 5361, 15856, 76480, 200000, 11479, 9316, 200000, 75512, 7712, 158628]

1.1:
[13794, 200000, 10777, 19281, 21271, 200000, 200000, 11963, 14564, 159788, 8726, 10447, 200000, 200000, 12272, 8461, 18328, 104919, 22452, 15906, 18302, 200000, 11246, 2479, 136797]

1.2:
[13417, 11698, 16241, 123138, 200000, 200000, 12774, 9108, 30075, 13073, 32135, 200000, 200000, 7187, 14980, 156359, 15322, 20611, 10087, 52222, 59098, 123682, 7724, 11641, 200000]

1.3:
[5427, 200000, 193098, 146456, 17668, 200000, 24709, 200000, 9917, 200000, 86363, 15543, 16003, 20812, 200000, 8757, 22204, 10494, 126683, 200000, 200000, 10190, 200000, 200000, 7479]

1.4:
[16317, 200000, 24143, 10548, 8129, 136590, 10274, 195574, 26291, 4076, 82013, 197226, 200000, 13026, 200000, 200000, 26349, 184728, 10913, 200000, 18730, 11324, 12151, 6712, 200000]

1.5:
[200000, 200000, 111820, 11709, 91275, 4408, 200000, 98079, 32074, 200000, 10424, 8303, 200000, 12122, 20973, 200000, 183493, 112940, 19783, 200000, 13674, 7509, 100861, 200000, 28881]

1.6:
[200000, 200000, 130582, 200000, 9746, 190077, 200000, 14824, 200000, 151808, 200000, 200000, 200000, 20709, 17404, 18390, 13088, 42794, 14666, 9442, 38807, 5894, 11549, 200000, 200000]

1.7:
[52054, 200000, 169021, 200000, 200000, 200000, 18099, 11852, 23955, 200000, 20465, 4794, 26581, 200000, 200000, 10034, 200000, 200000, 18442, 81994, 200000, 7743, 200000, 200000, 7778]

1.8:
[18202, 200000, 200000, 69056, 200000, 200000, 200000, 142895, 14960, 7377, 19574, 11262, 10226, 200000, 12460, 200000, 200000, 44519, 200000, 21028, 200000, 86909, 55195, 17309, 13056]

1.9:
[200000, 37631, 15390, 22702, 200000, 200000, 200000, 200000, 10577, 15073, 15137, 200000, 108374, 70080, 13026, 11246, 200000, 200000, 122130, 24349, 15966, 200000, 200000, 200000, 75015]

2.0:
[200000, 200000, 23714, 200000, 24629, 16015, 27078, 46369, 14270, 200000, 59551, 200000, 27843, 25413, 17280, 200000, 200000, 67863, 200000, 24269, 200000, 29827, 96860, 200000, 14620]

2.1:
[21516, 40058, 200000, 21559, 11730, 22842, 200000, 17385, 200000, 56382, 200000, 200000, 200000, 200000, 200000, 200000, 119933, 200000, 200000, 24024, 200000, 19145, 200000, 200000, 18515]

2.2:
[16947, 20601, 11224, 20908, 200000, 30401, 9652, 200000, 200000, 200000, 200000, 48655, 200000, 200000, 21098, 200000, 138218, 99446, 18715, 16485, 7673, 200000, 200000, 36841, 14799]

2.3:
[27460, 200000, 17777, 200000, 23774, 108477, 35122, 200000, 200000, 200000, 200000, 200000, 102005, 50367, 200000, 200000, 200000, 200000, 200000, 17886, 33918, 197421, 200000, 29497, 23777]
